19	19	19	19	19	19	19	19	19	19	19	19	19	19	19	19	19	19	19	19	19	19	19	19	19	19	19	19	19	33	35	35	35	35	32	19	19	19	19	19
19	19	19	19	19	19	19	19	19	19	19	19	19	19	19	19	19	19	19	19	19	19	19	19	19	19	19	19	19	20	208	209	209	210	18	19	19	19	19	19
19	19	19	19	19	33	35	35	35	35	35	35	35	35	35	35	35	35	32	19	19	19	19	19	19	19	19	19	19	20	224	225	225	226	18	19	19	19	19	19
19	19	19	19	19	20	208	209	209	209	209	209	209	209	209	209	209	210	18	19	19	19	19	19	19	19	19	19	19	20	240	241	241	242	18	19	19	19	19	19
19	19	19	19	19	20	224	225	225	225	225	225	225	225	225	225	225	226	18	33	35	35	35	35	35	35	35	35	35	36	48	48	48	48	18	19	19	19	19	19
19	19	19	19	19	20	240	241	241	241	241	241	241	241	241	241	241	242	18	20	208	209	209	209	209	209	209	209	209	210	48	48	48	48	18	19	19	19	19	19
19	19	19	19	19	20	48	48	48	48	48	48	48	48	48	48	48	48	34	36	224	225	225	225	225	225	225	225	225	226	48	48	48	48	18	19	19	19	19	19
19	19	19	19	19	20	48	48	48	48	48	48	48	48	48	48	48	48	208	210	240	241	241	241	241	241	241	241	241	242	48	48	48	48	18	19	19	19	19	19
19	19	19	19	19	20	48	48	48	48	48	48	48	48	48	48	48	48	224	226	48	48	48	48	48	48	48	48	48	48	48	48	48	48	18	19	19	19	19	19
19	19	19	19	19	20	48	48	48	48	48	48	48	48	48	48	48	48	240	242	48	48	48	48	48	48	48	48	48	48	48	48	48	48	18	19	19	19	19	19
19	19	19	19	19	20	48	48	48	48	48	48	48	48	48	48	48	48	48	48	48	48	48	48	48	48	48	48	48	48	48	48	48	48	18	19	19	19	19	19
19	19	19	19	19	17	3	3	3	3	3	3	3	3	3	3	3	4	48	48	48	48	48	48	48	48	48	48	48	48	48	48	48	48	18	19	19	19	19	19
19	19	19	19	19	19	19	33	35	35	35	35	35	35	35	35	32	20	208	209	209	209	209	210	211	212	213	208	209	209	209	209	209	210	18	19	19	19	19	19
19	19	19	19	19	19	19	20	208	209	209	209	209	209	209	210	18	20	224	225	225	225	225	226	211	212	213	224	225	225	225	225	225	226	18	19	19	19	19	19
19	19	19	19	19	19	19	20	224	225	225	225	225	225	225	226	34	36	240	241	241	241	241	242	211	212	213	240	241	241	241	241	241	242	18	19	19	19	19	19
19	19	19	19	19	19	19	20	240	241	241	241	241	241	241	242	208	210	65	65	65	65	65	65	65	65	65	65	65	65	65	65	65	65	18	19	19	19	19	19
19	19	19	19	19	19	19	20	64	64	64	64	64	64	64	64	224	226	65	65	65	65	65	65	65	65	65	65	65	65	65	65	65	65	18	19	19	19	19	19
19	19	19	19	19	19	19	20	64	64	64	64	64	64	64	64	240	242	65	65	65	65	65	65	65	65	65	65	65	65	65	65	65	65	18	19	19	19	19	19
19	19	19	19	19	19	19	20	64	64	64	64	64	64	64	64	64	64	65	65	65	65	65	65	65	65	65	65	65	65	65	65	65	65	18	19	19	19	19	19
19	19	19	19	19	19	19	20	64	64	64	64	64	64	64	64	64	64	65	65	65	65	65	65	65	65	65	65	65	65	65	65	65	65	18	19	19	19	19	19
19	19	19	19	19	19	19	20	64	64	64	64	64	64	64	64	64	64	2	3	3	3	3	3	3	3	3	3	3	3	4	65	65	2	16	19	19	19	19	19
19	19	19	19	19	19	19	17	3	3	3	3	3	3	3	3	3	3	16	19	19	19	19	19	19	19	19	19	19	19	20	65	65	18	19	19	19	19	19	19
-1
15	15	15	15	15	15	15	15	15	15	15	15	15	15	15	15	15	15	15	15	15	15	15	15	15	15	15	15	15	15	15	15	43	15	15	15	15	15	15	15
15	15	15	15	15	15	15	15	15	15	15	15	15	15	15	15	15	15	15	15	15	15	15	15	15	15	15	15	15	15	23	15	59	7	15	15	15	15	15	15
15	15	15	15	15	15	15	15	15	15	15	15	15	15	15	15	15	15	15	15	15	15	15	15	15	15	15	15	15	15	15	15	59	15	15	15	15	15	15	15
15	15	15	15	15	15	15	11	15	15	11	15	15	11	15	15	15	15	15	15	15	15	15	15	15	15	15	15	15	15	131	15	75	15	15	15	15	15	15	15
15	15	15	15	15	15	15	15	15	15	15	15	15	15	15	15	15	15	15	15	15	15	15	15	15	15	15	15	15	15	147	15	15	15	15	15	15	15	15	15
15	15	15	15	15	15	14	15	15	14	15	15	14	15	15	15	15	15	15	15	15	15	15	15	15	15	15	15	15	15	15	15	15	15	15	15	15	15	15	15
15	15	15	15	15	15	30	45	15	30	45	15	30	45	15	15	15	13	15	15	15	15	15	15	15	15	15	15	15	15	15	15	15	15	15	15	15	15	15	15
15	15	15	15	15	15	46	15	15	46	15	15	46	15	15	15	15	29	15	15	129	130	15	15	15	15	15	15	15	15	15	15	15	15	15	15	15	15	15	15
15	15	15	15	15	15	15	15	15	15	15	15	15	15	15	15	15	15	15	15	145	146	15	15	15	15	15	15	15	15	15	15	15	15	15	15	15	15	15	15
15	15	15	15	15	15	15	15	15	15	15	15	15	15	15	15	15	15	15	15	15	15	15	15	15	15	15	15	15	15	15	15	15	15	15	15	15	15	15	15
15	15	15	15	15	15	15	15	15	15	15	15	15	15	15	15	15	15	15	15	15	15	15	15	15	15	15	15	15	15	15	15	15	15	15	15	15	15	15	15
15	15	15	15	15	15	15	15	15	15	15	15	15	15	15	15	15	15	15	15	15	15	15	15	15	15	15	15	15	15	15	15	15	15	15	15	15	15	15	15
15	15	15	15	15	15	15	15	15	15	15	15	15	15	15	15	15	15	15	15	15	15	15	15	15	15	15	15	15	15	15	15	15	15	15	15	15	15	15	15
15	15	15	15	15	15	15	15	15	15	15	15	15	15	15	15	15	15	15	15	55	56	15	15	15	15	15	15	57	58	15	56	58	15	15	15	15	15	15	15
15	15	15	15	15	15	15	15	15	15	15	15	15	15	15	15	15	15	15	15	15	15	15	15	15	15	15	15	15	15	15	15	15	15	15	15	15	15	15	15
15	15	15	15	15	15	15	15	96	50	51	82	83	52	84	51	15	15	15	15	15	15	15	15	15	15	15	15	15	15	15	15	15	15	15	15	15	15	15	15
15	15	15	15	15	15	15	15	112	67	67	67	67	68	66	67	15	15	15	15	15	15	15	15	15	15	15	15	15	15	15	15	15	15	15	15	15	15	15	15
15	15	15	15	15	15	15	15	15	15	15	15	15	15	15	15	15	15	15	15	15	15	15	15	15	15	15	15	15	15	15	15	15	15	15	15	15	15	15	15
15	15	15	15	15	15	15	15	53	15	15	15	15	15	15	15	15	15	15	15	15	15	15	15	15	15	15	15	15	15	15	15	15	15	15	15	15	15	15	15
15	15	15	15	15	15	15	15	69	15	15	54	15	15	54	15	15	15	15	15	15	15	15	15	15	15	15	15	15	15	15	15	15	15	15	15	15	15	15	15
15	15	15	15	15	15	15	15	85	15	15	70	15	15	70	15	15	15	15	15	15	15	15	15	15	15	15	15	15	15	15	15	15	15	15	15	15	15	15	15
15	15	15	15	15	15	15	15	15	15	15	15	15	15	15	15	15	15	15	15	15	15	15	15	15	15	15	15	15	15	15	15	15	15	15	15	15	15	15	15
-1
15	15	15	15	15	15	15	15	15	15	15	15	15	15	15	15	15	15	15	15	15	15	15	15	15	15	15	15	15	15	15	15	15	15	15	15	15	15	15	15
15	15	15	15	15	15	15	15	15	15	15	15	15	15	15	15	15	15	15	15	15	15	15	15	15	15	15	15	15	15	15	15	15	15	15	15	15	15	15	15
15	15	15	15	15	15	15	15	15	15	15	15	15	15	15	15	15	15	15	15	15	15	15	15	15	15	15	15	15	15	15	15	15	15	15	15	15	15	15	15
15	15	15	15	15	15	15	15	15	15	15	15	15	15	15	15	15	15	15	15	15	15	15	15	15	15	15	15	15	15	15	15	15	15	15	15	15	15	15	15
15	15	15	15	15	15	15	15	15	15	15	15	15	15	15	15	15	15	15	15	15	15	15	15	15	15	15	15	15	15	15	15	15	15	15	15	15	15	15	15
15	15	15	15	15	15	15	15	15	15	15	15	15	15	15	15	15	15	15	15	15	15	15	15	15	15	15	15	15	15	15	15	15	15	15	15	15	15	15	15
15	15	15	15	15	15	15	15	15	15	15	15	15	15	15	15	15	15	15	15	15	15	15	15	15	15	15	15	15	15	15	15	15	15	15	15	15	15	15	15
15	15	15	15	15	15	15	15	15	15	15	15	15	15	15	15	15	15	15	15	15	15	15	15	15	15	15	15	15	15	15	15	15	15	15	15	15	15	15	15
15	15	15	15	15	15	15	15	15	15	15	15	15	15	15	15	15	15	15	15	15	15	15	15	15	15	15	15	15	15	15	15	15	15	15	15	15	15	15	15
15	15	15	15	15	15	15	15	15	15	15	15	15	15	15	15	15	15	15	15	15	15	15	15	15	15	15	15	15	15	15	15	15	15	15	15	15	15	15	15
15	15	15	15	15	15	15	15	15	15	15	15	15	15	15	15	15	15	15	15	15	15	15	15	15	15	15	15	15	15	15	15	15	15	15	15	15	15	15	15
15	15	15	15	15	15	15	15	15	15	15	15	15	15	15	15	15	15	227	228	228	228	228	229	15	15	15	227	228	228	228	228	228	229	15	15	15	15	15	15
15	15	15	15	15	15	15	15	15	15	15	15	15	15	15	15	15	15	15	15	15	15	15	15	15	15	15	15	15	15	15	15	15	15	15	15	15	15	15	15
15	15	15	15	15	15	15	15	15	15	15	15	15	15	15	15	15	15	15	15	15	15	15	15	15	15	15	15	15	15	15	15	15	15	15	15	15	15	15	15
15	15	15	15	15	15	15	15	15	15	15	15	15	15	15	15	15	15	15	15	15	15	15	15	15	15	15	15	15	15	15	15	15	15	15	15	15	15	15	15
15	15	15	15	15	15	15	15	15	15	15	15	15	15	15	15	15	15	15	15	15	15	15	15	15	15	15	15	15	15	15	15	15	15	15	15	15	15	15	15
15	15	15	15	15	15	15	15	15	15	15	15	15	15	15	15	15	15	15	15	15	15	15	15	15	15	15	15	15	15	15	15	15	15	15	15	15	15	15	15
15	15	15	15	15	15	15	15	15	15	15	15	15	15	15	15	15	15	15	15	15	15	15	15	15	15	15	15	15	15	15	15	15	15	15	15	15	15	15	15
15	15	15	15	15	15	15	15	15	15	15	15	15	15	15	15	15	15	15	15	15	15	15	15	15	15	15	15	15	15	15	15	15	15	15	15	15	15	15	15
15	15	15	15	15	15	15	15	15	15	15	38	15	15	22	15	15	15	15	15	15	15	15	15	15	15	15	15	15	15	15	15	15	15	15	15	15	15	15	15
15	15	15	15	15	15	15	15	15	15	15	15	15	15	15	15	15	15	15	15	15	15	15	15	15	15	15	15	15	15	15	15	15	15	15	15	15	15	15	15
15	15	15	15	15	15	15	15	15	15	15	15	15	15	15	15	15	15	15	15	15	15	15	15	15	15	15	15	15	15	15	15	15	15	15	15	15	15	15	15
